-24.729513 -27.369699 0.903536
-47.478424 -50.503489 0.940102
-223.256492 -217.462840 1.02664
-39.356006 -39.768611 0.989625
-24.242506 -31.878605 0.760463
-41.983061 -41.089399 1.02175
-102.948063 -108.777719 0.946408
-45.730484 -51.444438 0.88893
-24.566973 -25.892009 0.948825
-88.881558 -80.799880 1.10002
-41.534879 -44.123328 0.941336
-46.705743 -47.624739 0.980703
-38.585170 -40.160228 0.960781
-45.855297 -54.111032 0.84743
-36.988216 -38.615588 0.957857
-81.830373 -81.067128 1.00941
-43.279035 -45.422814 0.952804
-16.927135 -19.586088 0.864243
-130.689199 -126.409443 1.03386
-29.064093 -35.171284 0.826359
-103.166940 -88.866469 1.16092
-106.726066 -127.310968 0.83831
-27.308350 -34.315152 0.79581
-32.326091 -33.607747 0.961864
-118.216163 -121.604633 0.972135
-28.733689 -26.243873 1.09487
-76.834788 -71.033331 1.08167
-34.788912 -32.763416 1.06182
-106.911316 -97.676940 1.09454
-146.915162 -134.650581 1.09108
-52.440301 -51.424497 1.01975
-38.111170 -34.645421 1.10003
-84.016077 -79.742521 1.05359
-54.526242 -54.910503 0.993002
-23.824560 -22.899078 1.04042
-31.748223 -33.996740 0.933861
-40.933507 -41.998448 0.974643
-27.825710 -22.264224 1.24979
-92.534676 -79.790694 1.15972
-37.975674 -35.899339 1.05784
-27.677254 -26.909931 1.02851
-343.895186 -327.706298 1.0494
-40.650104 -35.439020 1.14704
-177.682692 -145.473756 1.22141
-23.226520 -16.826717 1.38034
-21.880129 -21.504925 1.01745
-172.713227 -167.775671 1.02943
-85.278883 -82.786082 1.03011
-13.155896 -12.871049 1.02213
-153.948419 -141.984686 1.08426
-40.193917 -33.699366 1.19272
-254.099664 -230.922053 1.10037
